2022-07-04 22:35,0.0,0.0,0.0,0.0,0,0,0,0,5,5,5,5,0.0,0.0,0.0,0.0,0,5,0,5,-10,10
2022-07-04 22:37,0.0,0.0,0.0,0.0,0,0,0,0,5,5,5,5,0.0,0.0,0.0,0.0,0,5,0,5,-10,10
2022-07-04 22:43,0.0,0.0,0.0,0.0,0,0,0,0,5,5,5,5,0.0,0.0,0.0,0.0,0,5,0,5,-10,10
2022-07-04 22:48,0.0,0.0,0.0,0.0,0,0,0,0,5,5,5,5,0.0,0.0,0.0,0.0,0,5,0,5,-10,10
2022-07-04 22:56,0.3836,0.1325,0.0754,0.0102,0.4284,0.1593,0.1043,0.0347,0.3405,0.1098,0.0512,-0.010,0.0,1.0,1.0,0.5,2.4914,2.4914,4.9902,4.9902,-2.416,-2.418
2022-07-05 00:56,0.3752,0.1282,0.0730,0.0083,0.4302,0.1593,0.1043,0.0384,0.3405,0.1098,0.0512,-0.010,0.0,0.9827,0.9827,0.6724,2.4926,2.4914,4.9902,4.9902,-2.416,-2.418
2022-07-05 01:56,0.3859,0.1326,0.0764,0.0105,0.4302,0.1593,0.1043,0.0366,0.3405,0.1098,0.0512,-0.010,0.0,1.0,1.0,0.7333,2.4926,2.4914,4.9902,4.9902,-2.416,-2.418
2022-07-05 02:56,0.3868,0.1332,0.0770,0.0109,0.4302,0.1593,0.1043,0.0366,0.3387,0.1098,0.0512,-0.009,0.0,1.0,1.0,0.7333,2.4926,2.4914,4.9902,4.9902,-2.418,-2.418
2022-07-05 03:56,0.3861,0.1328,0.0764,0.0109,0.4302,0.1593,0.1043,0.0421,0.3405,0.1080,0.0512,-0.009,0.0,1.0,1.0,0.7333,2.4926,2.4914,4.9902,4.9902,-2.418,-2.418
2022-07-05 04:56,0.3851,0.1325,0.0763,0.0106,0.4302,0.1593,0.1116,0.0439,0.3405,0.1080,0.0512,-0.010,0.0,1.0,1.0,0.6833,2.4926,2.4914,4.9902,4.9902,-2.418,-2.418
2022-07-05 05:56,0.3857,0.1327,0.0767,0.0108,0.4302,0.1593,0.1043,0.0366,0.3405,0.1098,0.0531,-0.010,0.0,1.0,1.0,0.7,2.4926,2.4914,4.9902,4.9902,-2.418,-2.418
2022-07-05 06:56,0.3849,0.1322,0.0764,0.0106,0.4284,0.1593,0.1043,0.0366,0.3405,0.1080,0.0531,-0.009,0.0,1.0,1.0,0.6833,2.4926,2.4914,4.9902,4.9902,-2.418,-2.418
2022-07-05 07:56,0.3843,0.1321,0.0757,0.0099,0.4284,0.1593,0.1043,0.0366,0.3405,0.1098,0.0512,-0.010,0.0,1.0,1.0,0.7,2.4926,2.4914,4.9902,4.9902,-2.418,-2.418
2022-07-05 08:56,0.3835,0.1315,0.0757,0.0105,0.4284,0.1593,0.1116,0.0439,0.3387,0.1080,0.0512,-0.009,0.0,1.0,1.0,0.7,2.4926,2.4902,4.9902,4.9902,-2.418,-2.418
2022-07-05 09:56,0.3845,0.1321,0.0758,0.0105,0.4302,0.1593,0.1043,0.0457,0.3405,0.1080,0.0512,-0.010,0.0,1.0,1.0,0.7,2.4914,2.4902,4.9902,4.9902,-2.418,-2.418
2022-07-05 10:56,0.3853,0.1325,0.0762,0.0116,0.4284,0.1593,0.1043,0.0366,0.3405,0.1098,0.0531,-0.010,0.0,1.0,1.0,0.75,2.4914,2.4902,4.9902,4.9902,-2.418,-2.420
2022-07-05 11:56,0.3861,0.1329,0.0765,0.0116,0.4302,0.1593,0.1043,0.0366,0.3405,0.1080,0.0512,-0.009,0.0,1.0,1.0,0.75,2.4914,2.4902,4.9902,4.9902,-2.418,-2.420
2022-07-06 12:09,0.0,0.0,0.0,0.0,0,0,0,0,5,5,5,5,0.0,0.0,0.0,0.0,0,5,0,5,-10,10
2022-07-06 12:23,0.0,0.0,0.0,0.0,0,0,0,0,5,5,5,5,0.0,0.0,0.0,0.0,0,5,0,5,-10,10
2022-07-06 12:30,0.0,0.0,0.0,0.0,0,0,0,0,5,5,5,5,0.0,0.0,0.0,0.0,0,5,0,5,-10,10
2022-07-06 12:48,0.0,0.0,0.0,0.0,0,0,0,0,5,5,5,5,0.0,0.0,0.0,0.0,0,5,0,5,-10,10
2022-07-06 12:51,0.0,0.0,0.0,0.0,0,0,0,0,5,5,5,5,0.0,0.0,0.0,0.0,0,5,0,5,-10,10
2022-07-06 17:39,0.0,0.0,0.0,0.0,0,0,0,0,5,5,5,5,0.0,0.0,0.0,0.0,0,5,0,5,-10,10
2022-07-06 18:11,0.0,0.0,0.0,0.0,0,0,0,0,5,5,5,5,0.0,0.0,0.0,0.0,0,5,0,5,-10,10
2022-07-06 21:43,0.0,0.0,0.0,0.0,0,0,0,0,5,5,5,5,0.0,0.0,0.0,0.0,0,5,0,5,-10,10
2022-07-06 22:13,0.0,0.0,0.0,0.0,0,0,0,0,5,5,5,5,0.0,0.0,0.0,0.0,0,5,0,5,-10,10
2022-07-06 22:14,0.0,0.0,0.0,0.0,0,0,0,0,5,5,5,5,0.0,0.0,0.0,0.0,0,5,0,5,-10,10
2022-07-06 22:17,0.0,0.0,0.0,0.0,0,0,0,0,5,5,5,5,0.0,0.0,0.0,0.0,0,5,0,5,-10,10
2022-07-06 22:18,0.0,0.0,0.0,0.0,0,0,0,0,5,5,5,5,0.0,0.0,0.0,0.0,0,5,0,5,-10,10
2022-07-06 23:04,0.0,0.0,0.0,0.0,0,0,0,0,5,5,5,5,0.0,0.0,0.0,0.0,0,5,0,5,-10,10
2022-07-08 09:59,0.0,0.0,0.0,0.0,0,0,0,0,5,5,5,5,0.0,0.0,0.0,0.0,0,5,0,5,-10,10
2022-07-08 10:08,0.0,0.0,0.0,0.0,0,0,0,0,5,5,5,5,0.0,0.0,0.0,0.0,0,5,0,5,-10,10
2022-07-08 10:34,0.0,0.0,0.0,0.0,0,0,0,0,5,5,5,5,0.0,0.0,0.0,0.0,0,5,0,5,-10,10
2022-07-08 11:14,0.0,0.0,0.0,0.0,0,0,0,0,5,5,5,5,0.0,0.0,0.0,0.0,0,5,0,5,-10,10
2022-07-08 11:21,0.0,0.0,0.0,0.0,0,0,0,0,5,5,5,5,0.0,0.0,0.0,0.0,0,5,0,5,-10,10
2022-07-08 11:24,0.0,0.0,0.0,0.0,0,0,0,0,5,5,5,5,0.0,0.0,0.0,0.0,0,5,0,5,-10,10
2022-07-08 11:33,0.0,0.0,0.0,0.0,0,0,0,0,5,5,5,5,0.0,0.0,0.0,0.0,0,5,0,5,-10,10
2022-07-08 11:47,0.0,0.0,0.0,0.0,0,0,0,0,5,5,5,5,0.0,0.0,0.0,0.0,0,5,0,5,-10,10
200-01-00 00:00,0.0,0.0,0.0,0.0,0,0,0,0,5,5,5,5,0.0,0.0,0.0,0.0,0,5,0,5,-10,10
200-01-00 00:00,0.0,0.0,0.0,0.0,0,0,0,0,5,5,5,5,0.0,0.0,0.0,0.0,0,5,0,5,-10,10
200-01-00 00:00,-0.009,-0.007,-0.009,-0.010,0,0,0,0,-0.009,-0.007,-0.009,-0.010,0.0,0.0,0.0,0.0,2.4902,2.4890,4.9902,4.9902,-2.418,-2.418
200-01-00 00:00,0.0,0.0,0.0,0.0,0,0,0,0,5,5,5,5,0.0,0.0,0.0,0.0,0,5,0,5,-10,10
200-01-00 00:00,0.4111,0.1768,0.1259,0.0650,0.9906,0.9741,0.9869,0.9851,-0.007,-0.005,-0.007,-0.009,0.0,0.9166,0.9166,0.75,2.4914,2.4890,4.9902,4.9902,-2.418,-2.418
2022-07-22 11:21,0.0,0.0,0.0,0.0,0,0,0,0,5,5,5,5,0.0,0.0,0.0,0.0,0,5,0,5,-10,10
201-01-01 00:00,0.0,0.0,0.0,0.0,0,0,0,0,5,5,5,5,0.0,0.0,0.0,0.0,0,5,0,5,-10,10
201-01-01 00:00,0.0,0.0,0.0,0.0,0,0,0,0,5,5,5,5,0.0,0.0,0.0,0.0,0,5,0,5,-10,10
2022-08-08 09:27,0.0,0.0,0.0,0.0,0,0,0,0,5,5,5,5,0.0,0.0,0.0,0.0,0,5,0,5,-10,10
2022-08-08 09:30,0.0,0.0,0.0,0.0,0,0,0,0,5,5,5,5,0.0,0.0,0.0,0.0,0,5,0,5,-10,10
2022-08-08 09:42,0.0,0.0,0.0,0.0,0,0,0,0,5,5,5,5,0.0,0.0,0.0,0.0,0,5,0,5,-10,10
2022-08-08 09:43,0.0,0.0,0.0,0.0,0,0,0,0,5,5,5,5,0.0,0.0,0.0,0.0,0,5,0,5,-10,10
2022-08-10 09:17,0.0,0.0,0.0,0.0,0,0,0,0,5,5,5,5,0.0,0.0,0.0,0.0,0,5,0,5,-10,10
2022-08-10 09:20,0.0,0.0,0.0,0.0,0,0,0,0,5,5,5,5,0.0,0.0,0.0,0.0,0,5,0,5,-10,10
2022-08-10 18:26,0.0,0.0,0.0,0.0,0,0,0,0,5,5,5,5,0.0,0.0,0.0,0.0,0,5,0,5,-10,10
2022-08-10 18:33,0.0,0.0,0.0,0.0,0,0,0,0,5,5,5,5,0.0,0.0,0.0,0.0,0,5,0,5,-10,10
2022-08-10 18:35,0.0,0.0,0.0,0.0,0,0,0,0,5,5,5,5,0.0,0.0,0.0,0.0,0,5,0,5,-10,10
2022-08-10 18:37,0.0,0.0,0.0,0.0,0,0,0,0,5,5,5,5,0.0,0.0,0.0,0.0,0,5,0,5,-10,10
2022-08-10 18:58,0.0057,-0.005,0.0021,-0.005,0.0057,0,0.0039,0,0.0057,-0.007,0.0019,-0.007,1.0,0.0,1.0,0.0,2.4926,2.4902,4.9902,4.9902,-2.418,-2.420
2022-08-10 19:58,0.0057,-0.005,0.0019,-0.005,0.0057,0,0.0019,0,0.0057,-0.007,0.0019,-0.005,1.0,0.0,1.0,0.0,2.4926,2.4914,4.9902,4.9902,-2.418,-2.420
2022-08-10 20:58,0.0057,-0.005,0.0020,-0.005,0.0057,0,0.0039,0,0.0057,-0.007,0.0019,-0.005,1.0,0.0,1.0,0.0,2.4926,2.4914,4.9902,4.9877,-2.418,-2.420
2022-08-10 21:58,0.0057,-0.005,0.0019,-0.005,0.0057,0,0.0019,0,0.0057,-0.007,0.0019,-0.007,1.0,0.0,1.0,0.0,2.4926,2.4914,4.9902,4.9902,-2.418,-2.420
2022-08-10 22:38,0.0,0.0,0.0,0.0,0,0,0,0,5,5,5,5,0.0,0.0,0.0,0.0,0,5,0,5,-10,10
2022-08-10 22:41,0.0,0.0,0.0,0.0,0,0,0,0,5,5,5,5,0.0,0.0,0.0,0.0,0,5,0,5,-10,10
2022-08-10 22:42,0.0,0.0,0.0,0.0,0,0,0,0,5,5,5,5,0.0,0.0,0.0,0.0,0,5,0,5,-10,10
2022-08-10 22:46,0.0,0.0,0.0,0.0,0,0,0,0,5,5,5,5,0.0,0.0,0.0,0.0,0,5,0,5,-10,10
2022-08-10 22:48,0.0,0.0,0.0,0.0,0,0,0,0,5,5,5,5,0.0,0.0,0.0,0.0,0,5,0,5,-10,10
2022-08-10 22:51,0.0,0.0,0.0,0.0,0,0,0,0,5,5,5,5,0.0,0.0,0.0,0.0,0,5,0,5,-10,10
2022-08-10 22:58,0.0054,0.0037,0.0054,0.0093,0.0054,0.0037,0.0054,0.0109,0.0054,0.0037,0.0054,0.0091,1.0,1.0,1.0,1.0,2.4926,2.4914,4.9902,4.9902,-2.418,-2.420
2022-08-10 23:58,0.0054,0.0036,0.0055,0.0093,0.0054,0.0037,0.0073,0.0109,0.0054,0.0018,0.0054,0.0073,1.0,1.0,1.0,1.0,2.4926,2.4914,4.9902,4.9902,-2.418,-2.420
2022-08-11 00:58,0.0054,0.0036,0.0054,0.0093,0.0054,0.0037,0.0054,0.0109,0.0054,0.0018,0.0054,0.0073,1.0,1.0,1.0,1.0,2.4914,2.4902,4.9902,4.9902,-2.418,-2.420
2022-08-11 01:58,0.0054,0.0036,0.0054,0.0093,0.0054,0.0037,0.0054,0.0109,0.0054,0.0018,0.0054,0.0073,1.0,1.0,1.0,1.0,2.4926,2.4914,4.9902,4.9902,-2.418,-2.420
2022-08-11 02:58,0.0054,0.0035,0.0055,0.0093,0.0054,0.0037,0.0073,0.0109,0.0054,0.0018,0.0054,0.0073,1.0,1.0,1.0,1.0,2.4914,2.4902,4.9902,4.9877,-2.418,-2.420
2022-08-11 03:58,0.0054,0.0036,0.0054,0.0094,0.0054,0.0037,0.0054,0.0109,0.0054,0.0018,0.0054,0.0091,1.0,1.0,1.0,1.0,2.4926,2.4902,4.9902,4.9902,-2.418,-2.420
2022-08-11 04:58,0.0054,0.0036,0.0054,0.0092,0.0054,0.0037,0.0054,0.0109,0.0054,0.0018,0.0054,0.0073,1.0,1.0,1.0,1.0,2.4926,2.4902,4.9902,4.9902,-2.418,-2.420
2022-08-11 05:58,0.0054,0.0037,0.0055,0.0095,0.0054,0.0037,0.0073,0.0109,0.0054,0.0018,0.0054,0.0091,1.0,1.0,1.0,1.0,2.4926,2.4902,4.9902,4.9902,-2.418,-2.420
2022-08-11 06:58,0.0054,0.0036,0.0054,0.0094,0.0054,0.0037,0.0054,0.0109,0.0054,0.0018,0.0054,0.0091,1.0,1.0,1.0,1.0,2.4914,2.4902,4.9902,4.9902,-2.418,-2.420
2022-08-11 07:58,0.0054,0.0036,0.0055,0.0095,0.0054,0.0037,0.0073,0.0109,0.0054,0.0018,0.0054,0.0073,1.0,1.0,1.0,1.0,2.4914,2.4902,4.9902,4.9902,-2.418,-2.420
2022-08-11 08:58,0.0054,0.0036,0.0054,0.0095,0.0054,0.0037,0.0073,0.0109,0.0054,0.0018,0.0036,0.0091,1.0,1.0,1.0,1.0,2.4914,2.4902,4.9902,4.9902,-2.418,-2.420
2022-08-11 09:58,0.0054,0.0037,0.0055,0.0096,0.0054,0.0037,0.0073,0.0109,0.0054,0.0037,0.0054,0.0091,1.0,1.0,1.0,1.0,2.4914,2.4902,4.9902,4.9902,-2.418,-2.420
2022-08-11 10:58,0.0054,0.0037,0.0055,0.0098,0.0054,0.0037,0.0073,0.0109,0.0054,0.0037,0.0054,0.0091,1.0,1.0,1.0,1.0,2.4914,2.4902,4.9902,4.9902,-2.418,-2.420
2022-08-11 11:58,0.0054,0.0037,0.0054,0.0099,0.0054,0.0037,0.0054,0.0109,0.0054,0.0018,0.0054,0.0091,1.0,1.0,1.0,1.0,2.4914,2.4902,4.9902,4.9902,-2.418,-2.420
2022-08-11 12:58,0.0054,0.0037,0.0055,0.0100,0.0054,0.0037,0.0073,0.0109,0.0054,0.0018,0.0054,0.0091,1.0,1.0,1.0,1.0,2.4914,2.4902,4.9902,4.9902,-2.418,-2.420
2022-08-11 13:58,0.0054,0.0036,0.0055,0.0099,0.0054,0.0037,0.0073,0.0109,0.0054,0.0018,0.0054,0.0091,1.0,1.0,1.0,1.0,2.4914,2.4902,4.9902,4.9902,-2.418,-2.420
2022-08-11 14:58,0.0054,0.0036,0.0054,0.0099,0.0054,0.0037,0.0054,0.0109,0.0054,0.0018,0.0054,0.0091,1.0,1.0,1.0,1.0,2.4914,2.4902,4.9902,4.9902,-2.418,-2.420
2022-08-11 15:58,0.0054,0.0036,0.0054,0.0098,0.0054,0.0037,0.0054,0.0109,0.0054,0.0018,0.0054,0.0091,1.0,1.0,1.0,1.0,2.4914,2.4902,4.9902,4.9902,-2.418,-2.420
2022-08-11 16:58,0.0054,0.0036,0.0055,0.0098,0.0054,0.0037,0.0073,0.0109,0.0054,0.0018,0.0054,0.0091,1.0,1.0,1.0,1.0,2.4914,2.4902,4.9902,4.9902,-2.418,-2.420
2022-08-11 17:58,0.0054,0.0037,0.0054,0.0096,0.0054,0.0037,0.0054,0.0109,0.0054,0.0018,0.0054,0.0091,1.0,1.0,1.0,1.0,2.4914,2.4902,4.9902,4.9902,-2.418,-2.420
2022-08-11 18:58,0.0054,0.0037,0.0055,0.0097,0.0054,0.0037,0.0073,0.0109,0.0036,0.0018,0.0054,0.0073,1.0,1.0,1.0,1.0,2.4914,2.4902,4.9902,4.9902,-2.418,-2.420
2022-08-11 19:58,0.0054,0.0036,0.0055,0.0095,0.0054,0.0037,0.0073,0.0109,0.0054,0.0018,0.0054,0.0073,1.0,1.0,1.0,1.0,2.4914,2.4902,4.9902,4.9902,-2.418,-2.420
2022-08-11 20:58,0.0055,0.0036,0.0056,0.0098,0.0073,0.0037,0.0109,0.0201,0.0054,0.0018,0.0054,0.0091,1.0,1.0,1.0,1.0,2.4914,2.4902,4.9902,4.9902,-2.418,-2.420
2022-08-11 21:58,0.0054,0.0037,0.0054,0.0099,0.0054,0.0037,0.0054,0.0109,0.0054,0.0018,0.0036,0.0091,1.0,1.0,1.0,1.0,2.4914,2.4902,4.9902,4.9902,-2.418,-2.420
2022-08-11 22:58,0.0054,0.0037,0.0054,0.0098,0.0054,0.0037,0.0054,0.0109,0.0054,0.0037,0.0054,0.0091,1.0,1.0,1.0,1.0,2.4914,2.4902,4.9902,4.9902,-2.418,-2.420
2022-08-11 23:58,0.0054,0.0036,0.0054,0.0100,0.0054,0.0037,0.0054,0.0109,0.0054,0.0018,0.0054,0.0091,1.0,1.0,1.0,1.0,2.4914,2.4902,4.9902,4.9902,-2.418,-2.420
2022-08-12 00:58,0.1930,0.0824,0.0587,0.0360,0.9960,1.0194,0.9960,1.0034,0.0054,0.0018,0.0054,0.0091,0.55,0.9833,0.9833,0.9833,2.4914,2.4902,4.9902,4.9902,-2.418,-2.420
2022-08-12 01:58,0.3955,0.1434,0.0874,0.0288,0.4412,0.1724,0.1171,0.0567,0.3515,0.1199,0.0640,0.0109,0.0,1.0,1.0,1.0,2.4914,2.4902,4.9902,4.9902,-2.418,-2.420
2022-08-12 02:58,0.3982,0.1449,0.0888,0.0302,0.4431,0.1724,0.1171,0.0567,0.3533,0.1218,0.0640,0.0091,0.0,1.0,1.0,1.0,2.4914,2.4902,4.9902,4.9902,-2.418,-2.420
2022-08-12 03:58,0.3989,0.1455,0.0894,0.0307,0.4431,0.1724,0.1171,0.0567,0.3515,0.1218,0.0640,0.0091,0.0,1.0,1.0,1.0,2.4914,2.4890,4.9902,4.9902,-2.418,-2.420
2022-08-12 04:58,0.3984,0.1451,0.0890,0.0304,0.4431,0.1724,0.1171,0.0567,0.3533,0.1218,0.0640,0.0091,0.0,1.0,1.0,1.0,2.4914,2.4902,4.9902,4.9902,-2.418,-2.420
2022-08-12 05:58,0.3993,0.1457,0.0896,0.0310,0.4431,0.1724,0.1171,0.0567,0.3533,0.1199,0.0640,0.0091,0.0,1.0,1.0,1.0,2.4914,2.4890,4.9902,4.9902,-2.418,-2.420
2022-08-12 06:58,0.3987,0.1453,0.0893,0.0305,0.4412,0.1724,0.1171,0.0567,0.3533,0.1199,0.0659,0.0109,0.0,1.0,1.0,1.0,2.4902,2.4902,4.9902,4.9902,-2.418,-2.420
2022-08-12 07:58,0.3966,0.1442,0.0881,0.0296,0.4431,0.1724,0.1171,0.0567,0.3533,0.1199,0.0640,0.0109,0.0,1.0,1.0,1.0,2.4914,2.4902,4.9902,4.9902,-2.418,-2.420
2022-08-12 08:58,0.3976,0.1448,0.0886,0.0301,0.4431,0.1724,0.1171,0.0567,0.3533,0.1199,0.0640,0.0109,0.0,1.0,1.0,1.0,2.4914,2.4902,4.9902,4.9902,-2.418,-2.420
2022-08-12 09:58,0.3968,0.1442,0.0882,0.0295,0.4431,0.1724,0.1171,0.0567,0.3533,0.1218,0.0640,0.0091,0.0,1.0,1.0,1.0,2.4902,2.4902,4.9902,4.9902,-2.418,-2.420
2022-08-12 10:58,0.3960,0.1437,0.0878,0.0291,0.4431,0.1724,0.1171,0.0567,0.3533,0.1199,0.0659,0.0091,0.0,1.0,1.0,1.0,2.4914,2.4902,4.9902,4.9902,-2.418,-2.420
2022-08-12 11:58,0.3968,0.1440,0.0881,0.0293,0.4412,0.1724,0.1171,0.0567,0.3533,0.1199,0.0659,0.0109,0.0,1.0,1.0,1.0,2.4914,2.4902,4.9902,4.9902,-2.418,-2.420
2022-08-12 12:58,0.3996,0.1455,0.0897,0.0307,0.4412,0.1724,0.1171,0.0567,0.3533,0.1199,0.0640,0.0091,0.0,1.0,1.0,1.0,2.4914,2.4902,4.9902,4.9902,-2.418,-2.420
2022-08-12 13:58,0.3985,0.1453,0.0892,0.0306,0.4431,0.1724,0.1171,0.0567,0.3533,0.1218,0.0640,0.0091,0.0,1.0,1.0,1.0,2.4914,2.4902,4.9902,4.9902,-2.418,-2.420
2022-08-12 14:58,0.3976,0.1447,0.0887,0.0301,0.4412,0.1724,0.1171,0.0567,0.3533,0.1199,0.0640,0.0091,0.0,1.0,1.0,1.0,2.4914,2.4902,4.9902,4.9902,-2.418,-2.420
2022-08-12 15:58,0.3986,0.1451,0.0892,0.0304,0.4412,0.1724,0.1171,0.0567,0.3533,0.1199,0.0640,0.0091,0.0,1.0,1.0,1.0,2.4914,2.4902,4.9902,4.9902,-2.418,-2.420
2022-08-12 16:58,0.3976,0.1445,0.0887,0.0300,0.4412,0.1724,0.1171,0.0567,0.3533,0.1199,0.0640,0.0091,0.0,1.0,1.0,1.0,2.4914,2.4902,4.9902,4.9902,-2.418,-2.420
2022-08-12 17:58,0.3970,0.1444,0.0883,0.0296,0.4431,0.1742,0.1171,0.0567,0.3533,0.1199,0.0640,0.0091,0.0,1.0,1.0,1.0,2.4914,2.4902,4.9902,4.9902,-2.418,-2.420
2022-08-12 18:58,0.3960,0.1439,0.0880,0.0292,0.4412,0.1724,0.1171,0.0567,0.3515,0.1199,0.0640,0.0091,0.0,1.0,1.0,1.0,2.4914,2.4902,4.9902,4.9902,-2.418,-2.420
2022-08-12 19:58,0.3968,0.1443,0.0883,0.0297,0.4412,0.1724,0.1171,0.0567,0.3533,0.1218,0.0640,0.0109,0.0,1.0,1.0,1.0,2.4914,2.4902,4.9902,4.9902,-2.418,-2.420
2022-08-12 20:58,0.3958,0.1435,0.0875,0.0288,0.4412,0.1724,0.1171,0.0567,0.3533,0.1199,0.0640,0.0091,0.0,1.0,1.0,1.0,2.4914,2.4902,4.9902,4.9902,-2.418,-2.420
2022-08-12 21:58,0.3981,0.1451,0.0889,0.0302,0.4412,0.1742,0.1171,0.0567,0.3533,0.1218,0.0640,0.0091,0.0,1.0,1.0,1.0,2.4914,2.4902,4.9902,4.9902,-2.418,-2.420
2022-08-12 22:58,0.3990,0.1453,0.0894,0.0306,0.4431,0.1724,0.1171,0.0567,0.3533,0.1199,0.0640,0.0091,0.0,1.0,1.0,1.0,2.4914,2.4902,4.9902,4.9902,-2.418,-2.420
2022-08-12 23:58,0.3983,0.1451,0.0890,0.0305,0.4431,0.1742,0.1171,0.0567,0.3515,0.1199,0.0640,0.0109,0.0,1.0,1.0,1.0,2.4914,2.4902,4.9902,4.9902,-2.418,-2.420
2022-08-13 00:58,0.3818,0.1404,0.0882,0.0328,0.4431,0.1724,0.1171,0.0567,0.3533,0.1199,0.0659,0.0091,0.0,0.9375,0.9375,0.9375,2.4914,2.4902,4.9902,4.9902,-2.418,-2.420
2022-08-13 01:58,0.3968,0.1443,0.0884,0.0298,0.4412,0.1724,0.1171,0.0567,0.3533,0.1199,0.0659,0.0091,0.0,1.0,1.0,1.0,2.4914,2.4902,4.9902,4.9902,-2.418,-2.420
2022-08-13 02:58,0.3977,0.1448,0.0885,0.0300,0.4431,0.1724,0.1171,0.0567,0.3533,0.1199,0.0640,0.0091,0.0,1.0,1.0,1.0,2.4914,2.4890,4.9902,4.9902,-2.418,-2.420
2022-08-13 03:58,0.3966,0.1442,0.0882,0.0297,0.4431,0.1724,0.1171,0.0567,0.3533,0.1218,0.0640,0.0091,0.0,1.0,1.0,1.0,2.4914,2.4890,4.9902,4.9902,-2.418,-2.420
2022-08-13 04:58,0.3961,0.1439,0.0878,0.0292,0.4412,0.1724,0.1171,0.0567,0.3533,0.1199,0.0640,0.0091,0.0,1.0,1.0,1.0,2.4914,2.4890,4.9902,4.9902,-2.418,-2.420
2022-08-13 05:58,0.3960,0.1437,0.0876,0.0291,0.4431,0.1742,0.1171,0.0567,0.3533,0.1199,0.0640,0.0109,0.0,1.0,1.0,1.0,2.4914,2.4902,4.9902,4.9902,-2.418,-2.420
2022-08-13 06:58,0.4000,0.1457,0.0898,0.0310,0.4431,0.1724,0.1171,0.0567,0.3533,0.1199,0.0640,0.0091,0.0,1.0,1.0,1.0,2.4914,2.4890,4.9902,4.9902,-2.418,-2.420
2022-08-13 07:58,0.3992,0.1456,0.0897,0.0309,0.4431,0.1724,0.1171,0.0567,0.3533,0.1199,0.0640,0.0091,0.0,1.0,1.0,1.0,2.4914,2.4902,4.9902,4.9902,-2.418,-2.420
2022-08-13 08:58,0.3985,0.1453,0.0892,0.0305,0.4412,0.1724,0.1171,0.0567,0.3533,0.1218,0.0640,0.0109,0.0,1.0,1.0,1.0,2.4902,2.4890,4.9902,4.9902,-2.418,-2.420
2022-08-13 09:58,0.3978,0.1449,0.0888,0.0302,0.4412,0.1724,0.1171,0.0567,0.3533,0.1199,0.0640,0.0109,0.0,1.0,1.0,1.0,2.4914,2.4902,4.9902,4.9902,-2.418,-2.420
2022-08-13 10:58,0.3973,0.1445,0.0885,0.0300,0.4412,0.1724,0.1171,0.0567,0.3515,0.1199,0.0640,0.0091,0.0,1.0,1.0,1.0,2.4914,2.4890,4.9902,4.9902,-2.418,-2.420
2022-08-13 11:58,0.3967,0.1442,0.0883,0.0294,0.4412,0.1724,0.1171,0.0567,0.3533,0.1199,0.0659,0.0091,0.0,1.0,1.0,1.0,2.4914,2.4902,4.9902,4.9902,-2.418,-2.420
2022-08-13 12:58,0.3974,0.1447,0.0885,0.0297,0.4412,0.1724,0.1171,0.0567,0.3533,0.1218,0.0640,0.0091,0.0,1.0,1.0,1.0,2.4914,2.4902,4.9902,4.9902,-2.418,-2.420
2022-08-13 13:58,0.3967,0.1443,0.0883,0.0295,0.4431,0.1724,0.1171,0.0567,0.3533,0.1199,0.0640,0.0091,0.0,1.0,1.0,1.0,2.4914,2.4902,4.9902,4.9902,-2.418,-2.420
2022-08-13 14:58,0.3957,0.1435,0.0875,0.0290,0.4412,0.1724,0.1171,0.0567,0.3533,0.1199,0.0640,0.0091,0.0,1.0,1.0,1.0,2.4914,2.4902,4.9902,4.9902,-2.418,-2.420
2022-08-13 15:58,0.3983,0.1451,0.0890,0.0300,0.4412,0.1724,0.1171,0.0567,0.3515,0.1199,0.0659,0.0091,0.0,1.0,1.0,1.0,2.4914,2.4902,4.9902,4.9902,-2.418,-2.420
2022-08-13 16:58,0.3991,0.1455,0.0894,0.0308,0.4412,0.1742,0.1171,0.0567,0.3533,0.1199,0.0640,0.0109,0.0,1.0,1.0,1.0,2.4914,2.4902,4.9902,4.9902,-2.418,-2.420
2022-08-13 17:58,0.3981,0.1450,0.0889,0.0303,0.4412,0.1724,0.1171,0.0567,0.3533,0.1199,0.0640,0.0109,0.0,1.0,1.0,1.0,2.4914,2.4902,4.9902,4.9902,-2.418,-2.420
2022-08-13 18:58,0.3970,0.1445,0.0883,0.0297,0.4412,0.1724,0.1171,0.0567,0.3533,0.1218,0.0640,0.0091,0.0,1.0,1.0,1.0,2.4914,2.4902,4.9902,4.9902,-2.418,-2.420
2022-08-13 19:58,0.3978,0.1448,0.0887,0.0301,0.4412,0.1724,0.1171,0.0567,0.3533,0.1199,0.0640,0.0091,0.0,1.0,1.0,1.0,2.4914,2.4902,4.9902,4.9902,-2.418,-2.420
2022-08-13 20:58,0.3983,0.1452,0.0892,0.0303,0.4412,0.1724,0.1171,0.0567,0.3515,0.1199,0.0640,0.0091,0.0,1.0,1.0,1.0,2.4914,2.4902,4.9902,4.9902,-2.418,-2.420
2022-08-13 21:58,0.3974,0.1448,0.0886,0.0299,0.4431,0.1724,0.1171,0.0567,0.3533,0.1199,0.0640,0.0091,0.0,1.0,1.0,1.0,2.4914,2.4902,4.9902,4.9902,-2.418,-2.420
2022-08-13 22:58,0.3965,0.1444,0.0882,0.0295,0.4431,0.1724,0.1171,0.0567,0.3515,0.1199,0.0640,0.0091,0.0,1.0,1.0,1.0,2.4914,2.4902,4.9902,4.9902,-2.418,-2.420
2022-08-13 23:57,0.0,0.0,0.0,0.0,0,0,0,0,5,5,5,5,0.0,0.0,0.0,0.0,0,5,0,5,-10,10
2022-08-13 23:57,0.0,0.0,0.0,0.0,0,0,0,0,5,5,5,5,0.0,0.0,0.0,0.0,0,5,0,5,-10,10
2022-08-14 00:58,0.3430,0.1212,0.0702,0.0173,0.3936,0.1424,0.0860,0.0274,0.3533,0.1218,0.0640,0.0091,0.0,0.9090,0.9090,0.9090,2.4914,2.4902,4.9902,4.9902,-2.418,-2.420
2022-08-14 01:08,0.0,0.0,0.0,0.0,0,0,0,0,5,5,5,5,0.0,0.0,0.0,0.0,0,5,0,5,-10,10
2022-08-14 09:29,0.0,0.0,0.0,0.0,0,0,0,0,5,5,5,5,0.0,0.0,0.0,0.0,0,5,0,5,-10,10
2022-08-14 09:38,0.0,0.0,0.0,0.0,0,0,0,0,5,5,5,5,0.0,0.0,0.0,0.0,0,5,0,5,-10,10
2022-08-14 10:45,0.0,0.0,0.0,0.0,0,0,0,0,5,5,5,5,0.0,0.0,0.0,0.0,0,5,0,5,-10,10
2022-08-14 10:48,0.0,0.0,0.0,0.0,0,0,0,0,5,5,5,5,0.0,0.0,0.0,0.0,0,5,0,5,-10,10
2022-08-14 10:57,0.0,0.0,0.0,0.0,0,0,0,0,5,5,5,5,0.0,0.0,0.0,0.0,0,5,0,5,-10,10
2022-08-14 11:08,0.0,0.0,0.0,0.0,0,0,0,0,5,5,5,5,0.0,0.0,0.0,0.0,0,5,0,5,-10,10
2022-08-14 11:15,0.0,0.0,0.0,0.0,0,0,0,0,5,5,5,5,0.0,0.0,0.0,0.0,0,5,0,5,-10,10
2022-08-14 11:22,0.0,0.0,0.0,0.0,0,0,0,0,5,5,5,5,0.0,0.0,0.0,0.0,0,5,0,5,-10,10
2022-08-19 13:00,0.0,0.0,0.0,0.0,0,0,0,0,5,5,5,5,0.0,0.0,0.0,0.0,0,5,0,5,-10,10
200-01-00 00:00,0.0,0.0,0.0,0.0,0,0,0,0,5,5,5,5,0.0,0.0,0.0,0.0,0,5,0,5,-10,10
200-01-00 00:00,0.0,0.0,0.0,0.0,0,0,0,0,5,5,5,5,0.0,0.0,0.0,0.0,0,5,0,5,-10,10
200-01-00 00:00,0.0,0.0,0.0,0.0,0,0,0,0,5,5,5,5,0.0,0.0,0.0,0.0,0,5,0,5,-10,10
200-01-00 00:00,0.0,0.0,0.0,0.0,0,0,0,0,5,5,5,5,0.0,0.0,0.0,0.0,0,5,0,5,-10,10
200-01-00 00:00,0.0,0.0,0.0,0.0,0,0,0,0,5,5,5,5,0.0,0.0,0.0,0.0,0,5,0,5,-10,10
200-01-00 00:00,0.0,0.0,0.0,0.0,0,0,0,0,5,5,5,5,0.0,0.0,0.0,0.0,0,5,0,5,-10,10
200-01-00 00:00,0.0,0.0,0.0,0.0,0,0,0,0,5,5,5,5,0.0,0.0,0.0,0.0,0,5,0,5,-10,10
200-01-00 00:00,0.0,0.0,0.0,0.0,0,0,0,0,5,5,5,5,0.0,0.0,0.0,0.0,0,5,0,5,-10,10
200-01-00 00:00,0.0,0.0,0.0,0.0,0,0,0,0,5,5,5,5,0.0,0.0,0.0,0.0,0,5,0,5,-10,10
200-01-00 00:00,0.0,0.0,0.0,0.0,0,0,0,0,5,5,5,5,0.0,0.0,0.0,0.0,0,5,0,5,-10,10
200-01-00 00:00,0.0,0.0,0.0,0.0,0,0,0,0,5,5,5,5,0.0,0.0,0.0,0.0,0,5,0,5,-10,10
200-01-00 00:00,0.0,0.0,0.0,0.0,0,0,0,0,5,5,5,5,0.0,0.0,0.0,0.0,0,5,0,5,-10,10
200-01-00 00:00,0.0,0.0,0.0,0.0,0,0,0,0,5,5,5,5,0.0,0.0,0.0,0.0,0,5,0,5,-10,10
200-01-00 00:00,0.0,0.0,0.0,0.0,0,0,0,0,5,5,5,5,0.0,0.0,0.0,0.0,0,5,0,5,-10,10
200-01-00 00:00,0.0,0.0,0.0,0.0,0,0,0,0,5,5,5,5,0.0,0.0,0.0,0.0,0,5,0,5,-10,10
200-01-00 00:00,0.0,0.0,0.0,0.0,0,0,0,0,5,5,5,5,0.0,0.0,0.0,0.0,0,5,0,5,-10,10
200-01-00 00:00,0.0,0.0,0.0,0.0,0,0,0,0,5,5,5,5,0.0,0.0,0.0,0.0,0,5,0,5,-10,10
200-01-00 00:00,0.0,0.0,0.0,0.0,0,0,0,0,5,5,5,5,0.0,0.0,0.0,0.0,0,5,0,5,-10,10
200-01-00 00:00,0.0,0.0,0.0,0.0,0,0,0,0,5,5,5,5,0.0,0.0,0.0,0.0,0,5,0,5,-10,10
200-01-00 00:00,0.0,0.0,0.0,0.0,0,0,0,0,5,5,5,5,0.0,0.0,0.0,0.0,0,5,0,5,-10,10
200-01-00 00:00,0.0,0.0,0.0,0.0,0,0,0,0,5,5,5,5,0.0,0.0,0.0,0.0,0,5,0,5,-10,10
200-01-00 00:00,0.0,0.0,0.0,0.0,0,0,0,0,5,5,5,5,0.0,0.0,0.0,0.0,0,5,0,5,-10,10
200-01-00 00:00,0.0,0.0,0.0,0.0,0,0,0,0,5,5,5,5,0.0,0.0,0.0,0.0,0,5,0,5,-10,10
200-01-00 00:00,0.0,0.0,0.0,0.0,0,0,0,0,5,5,5,5,0.0,0.0,0.0,0.0,0,5,0,5,-10,10
200-01-00 00:00,0.0,0.0,0.0,0.0,0,0,0,0,5,5,5,5,0.0,0.0,0.0,0.0,0,5,0,5,-10,10
200-01-00 00:00,0.0,0.0,0.0,0.0,0,0,0,0,5,5,5,5,0.0,0.0,0.0,0.0,0,5,0,5,-10,10
200-01-00 00:00,0.0,0.0,0.0,0.0,0,0,0,0,5,5,5,5,0.0,0.0,0.0,0.0,0,5,0,5,-10,10
200-01-00 00:00,0.0,0.0,0.0,0.0,0,0,0,0,5,5,5,5,0.0,0.0,0.0,0.0,0,5,0,5,-10,10
200-01-00 00:00,0.0,0.0,0.0,0.0,0,0,0,0,5,5,5,5,0.0,0.0,0.0,0.0,0,5,0,5,-10,10
200-01-00 00:00,0.0,0.0,0.0,0.0,0,0,0,0,5,5,5,5,0.0,0.0,0.0,0.0,0,5,0,5,-10,10
200-01-00 00:00,0.0,0.0,0.0,0.0,0,0,0,0,5,5,5,5,0.0,0.0,0.0,0.0,0,5,0,5,-10,10
200-01-00 00:00,0.0,0.0,0.0,0.0,0,0,0,0,5,5,5,5,0.0,0.0,0.0,0.0,0,5,0,5,-10,10
200-01-00 00:00,0.0,0.0,0.0,0.0,0,0,0,0,5,5,5,5,0.0,0.0,0.0,0.0,0,5,0,5,-10,10
200-01-00 00:00,0.0,0.0,0.0,0.0,0,0,0,0,5,5,5,5,0.0,0.0,0.0,0.0,0,5,0,5,-10,10
200-01-00 00:00,0.0036,0.0018,0.0036,0.0058,0.0036,0.0018,0.0036,0.0061,0.0036,0.0018,0.0036,0.0041,1.0,1.0,1.0,1.0,2.4914,2.4902,4.9902,4.9902,-2.418,-2.420
200-01-00 00:00,0.0,0.0,0.0,0.0,0,0,0,0,5,5,5,5,0.0,0.0,0.0,0.0,0,5,0,5,-10,10
200-01-00 00:00,0.0,0.0,0.0,0.0,0,0,0,0,5,5,5,5,0.0,0.0,0.0,0.0,0,5,0,5,-10,10
200-01-00 00:00,0.0,0.0,0.0,0.0,0,0,0,0,5,5,5,5,0.0,0.0,0.0,0.0,0,5,0,5,-10,10
200-01-00 00:00,0.0,0.0,0.0,0.0,0,0,0,0,5,5,5,5,0.0,0.0,0.0,0.0,0,5,0,5,-10,10
200-01-00 00:00,0.0,0.0,0.0,0.0,0,0,0,0,5,5,5,5,0.0,0.0,0.0,0.0,0,5,0,5,-10,10
200-01-00 00:00,0.0,0.0,0.0,0.0,0,0,0,0,5,5,5,5,0.0,0.0,0.0,0.0,0,5,0,5,-10,10
200-01-00 00:00,0.0,0.0,0.0,0.0,0,0,0,0,5,5,5,5,0.0,0.0,0.0,0.0,0,5,0,5,-10,10
200-01-00 00:00,0.0,0.0,0.0,0.0,0,0,0,0,5,5,5,5,0.0,0.0,0.0,0.0,0,5,0,5,-10,10
200-01-00 00:00,0.0,0.0,0.0,0.0,0,0,0,0,5,5,5,5,0.0,0.0,0.0,0.0,0,5,0,5,-10,10
200-01-00 00:00,0.0,0.0,0.0,0.0,0,0,0,0,5,5,5,5,0.0,0.0,0.0,0.0,0,5,0,5,-10,10
200-01-00 00:00,0.0,0.0,0.0,0.0,0,0,0,0,5,5,5,5,0.0,0.0,0.0,0.0,0,5,0,5,-10,10
200-01-00 00:00,0.0,0.0,0.0,0.0,0,0,0,0,5,5,5,5,0.0,0.0,0.0,0.0,0,5,0,5,-10,10
200-01-00 00:00,0.0036,0.0019,0.0038,0.0053,0.0036,0.0036,0.0055,0.0061,0.0036,0.0018,0.0036,0.0041,1.0,1.0,1.0,1.0,2.4914,2.4902,4.9902,4.9902,-2.418,-2.420
200-01-00 00:00,0.0036,0.0018,0.0037,0.0054,0.0036,0.0018,0.0055,0.0061,0.0036,0.0018,0.0036,0.0041,1.0,1.0,1.0,1.0,2.4914,2.4902,4.9902,4.9902,-2.418,-2.420
200-01-00 00:00,0.0036,0.0018,0.0036,0.0054,0.0036,0.0036,0.0036,0.0061,0.0036,0.0018,0.0036,0.0041,1.0,1.0,1.0,1.0,2.4914,2.4902,4.9902,4.9902,-2.418,-2.420
200-01-00 00:00,0.0036,0.0018,0.0036,0.0053,0.0036,0.0018,0.0036,0.0061,0.0018,0.0018,0.0036,0.0041,1.0,1.0,1.0,1.0,2.4914,2.4902,4.9902,4.9902,-2.418,-2.420
200-01-00 00:00,0.0036,0.0018,0.0036,0.0051,0.0036,0.0018,0.0036,0.0061,0.0036,0.0018,0.0036,0.0041,1.0,1.0,1.0,1.0,2.4914,2.4902,4.9902,4.9902,-2.418,-2.420
200-01-00 00:00,0.0036,0.0018,0.0037,0.0054,0.0036,0.0018,0.0055,0.0061,0.0036,0.0018,0.0036,0.0041,1.0,1.0,1.0,1.0,2.4914,2.4902,4.9902,4.9902,-2.418,-2.420
200-01-00 00:00,0.0036,0.0018,0.0036,0.0053,0.0036,0.0018,0.0036,0.0061,0.0018,0.0018,0.0036,0.0041,1.0,1.0,1.0,1.0,2.4914,2.4902,4.9902,4.9902,-2.418,-2.420
200-01-00 00:00,0.0036,0.0018,0.0036,0.0052,0.0036,0.0018,0.0036,0.0061,0.0036,0.0018,0.0036,0.0041,1.0,1.0,1.0,1.0,2.4914,2.4902,4.9902,4.9902,-2.418,-2.420
200-01-00 00:00,0.0036,0.0018,0.0036,0.0052,0.0036,0.0036,0.0036,0.0061,0.0036,0.0018,0.0036,0.0041,1.0,1.0,1.0,1.0,2.4914,2.4902,4.9902,4.9902,-2.418,-2.420
200-01-00 00:00,0.0036,0.0018,0.0036,0.0054,0.0036,0.0036,0.0036,0.0061,0.0036,0.0018,0.0036,0.0041,1.0,1.0,1.0,1.0,2.4914,2.4902,4.9902,4.9902,-2.418,-2.420
2022-09-09 07:24,0.0,0.0,0.0,0.0,0,0,0,0,5,5,5,5,0.0,0.0,0.0,0.0,0,5,0,5,-10,10
